4.123354703187942505e-02
1.307850331068038940e-01
-2.599949240684509277e-01
6.200149189680814743e-03
-5.683197081089019775e-02
-5.731319263577461243e-02
9.300257265567779541e-02
-3.402122855186462402e-02
-1.017761230468750000e-01
6.439443677663803101e-02
2.533232420682907104e-02
-3.788888454437255859e-02
-1.930806040763854980e-02
4.782190173864364624e-02
-1.063602566719055176e-01
-3.002389706671237946e-02
-1.263656280934810638e-02
1.012002769857645035e-02
9.167563170194625854e-02
1.923099160194396973e-01
-5.630929023027420044e-03
3.521952778100967407e-02
5.208184197545051575e-02
3.812163323163986206e-02
-2.661443315446376801e-02
-5.699974298477172852e-02
-1.954068839550018311e-01
-2.815297804772853851e-02
-5.637717992067337036e-02
-7.328846841119229794e-04
-7.825604826211929321e-02
-6.631261855363845825e-02
-1.011112481355667114e-01
-7.780598849058151245e-02
-3.188610449433326721e-02
-1.242577955126762390e-01
9.615346789360046387e-03
-4.057300090789794922e-02
3.777765901759266853e-03
-4.902743548154830933e-02
8.466703444719314575e-02
1.616391688585281372e-01
1.731436932459473610e-03
-2.349326312541961670e-01
3.305382430553436279e-01
-1.082728356122970581e-01
-3.491659462451934814e-01
-1.144760996103286743e-01
9.020289778709411621e-02
4.914056509733200073e-02
1.503362134099006653e-02
-1.127421855926513672e-01
7.238618563860654831e-03
-2.255489118397235870e-03
-2.081860601902008057e-02
-1.947061344981193542e-02
-1.033730804920196533e-01
4.750725626945495605e-02
-3.507262468338012695e-02
-2.094578742980957031e-02
-2.286437340080738068e-02
-1.037928089499473572e-01
-2.851238660514354706e-02
-4.585542157292366028e-02
1.336305961012840271e-02
-1.452646777033805847e-02
-1.359211206436157227e-01
-2.462135627865791321e-02
-4.290257021784782410e-02
-3.884520754218101501e-02
-4.438713192939758301e-02
-6.507723778486251831e-02
8.541693910956382751e-03
2.479210123419761658e-02
3.669802844524383545e-02
-5.751809105277061462e-02
-6.735312193632125854e-02
5.110315233469009399e-02
6.490998715162277222e-02
-4.998502787202596664e-03
8.099792897701263428e-02
5.009686201810836792e-02
-6.752692162990570068e-02
-1.835511997342109680e-02
1.331727206707000732e-01
8.222058415412902832e-02
-1.844368502497673035e-02
-4.324984923005104065e-02
3.800430148839950562e-02
7.900775969028472900e-02
2.377936034463346004e-04
-9.951128624379634857e-03
1.570937409996986389e-02
1.627890765666961670e-01
-4.585128277540206909e-03
-1.307316422462463379e-01
1.878701709210872650e-02
-8.966697752475738525e-02
-2.980651566758751869e-03
-4.326950013637542725e-02
-6.358952727168798447e-03
2.380523383617401123e-01
1.369253396987915039e-01
1.102677285671234131e-01
-5.144554004073143005e-02
1.206437349319458008e-01
-4.797997325658798218e-02
-5.233517289161682129e-02
1.424398720264434814e-01
-2.563868649303913116e-02
-2.165492437779903412e-02
1.137256324291229248e-01
-1.158853177912533283e-03
-3.085998073220252991e-02
4.042983986437320709e-03
-1.684448681771755219e-02
1.138866040855646133e-02
-7.849599421024322510e-02
-4.335260391235351562e-02
-4.486804828047752380e-02
-7.281339168548583984e-02
5.569985881447792053e-02
-2.576300874352455139e-02
-7.200998067855834961e-02
-3.739285096526145935e-02
-3.125588968396186829e-02
-4.588513448834419250e-02
2.774757333099842072e-02
